0 4 100 17 0.008
1 6.3 200 22 0.006
2 5.6 560 55 0.033
4 11 400 10.5 0.017
6 2 200 50 0.002
8 4 400 17 0.001
9 8 200 30 0.067
12 7.1 200 47 0.01
13 29 200 24 30
14 8 200 200 1
15 5 1250 44 0.125
16 4 200 30 0.025
17 2.8 200 59 0.125
21 3 360 105 0.001
26 1.8 200 50 0.008
27 6.3 200 90 0.006
28 5.6 220 55 0.008
29 2.5 200 50 0.04
30 11.3137 400 60 0.063
33 4 100 90 0.004
34 4 125 50 0.003
35 8 64 20 25
36 2.8 100 75 1
37 3.5 100 18 0.002
38 8 1600 40 0.008
40 1.4 160 50 0.001
41 3.7 80 15.4 0.006
42 4 200 110 0.005
43 9 400 400 0.006
44 7.1 250 60 0.004
45 3.5 400 50 0.006
47 7.1 200 11 0.006
51 5.6 400 52 0.077
52 8 160 55 0.001
57 5.6 400 260 0.001
59 4.2 200 90 0.017
60 5.6 400 70 0.008
62 32 280 60 0.005
63 9 400 28 0.3
66 5.6 100 15 0.001
67 3.5 400 150 0.004
68 6.3 100 88.8 0.003
71 6.3 400 50 1
72 5.5 100 23.2 0.125
73 8 100 85 0.006
74 11 200 23 0.008
75 8 200 200 0.077
77 9 100 55 0.006
80 9 100 18 0.004
82 4 640 40 0.005
83 1.4 200 50 0.005
84 2.8 200 105 0.005
85 7.1 100 27 0.005
86 6.3 400 49 0.02
87 3.8 400 21.6 0.025
88 11 200 18 49
89 5.6 200 300 0.004
92 7.1 1600 35 1
93 2.8 100 135 0.002
95 5.6 250 35 0.001
96 5.6 100 125 0.033
99 9 200 135 0.008
100 5.6 100 35 9
101 5.3 100 70 0.01
106 14 400 35 0.003
107 11 200 50 1
112 5.6 200 23 0.008
113 5.6 200 135 0.004
118 9 250 180 0.003
120 2.8 250 38 0.01
121 10 100 28 30
123 7.1 400 28 0.01
126 5.6 800 96 0.017
127 8 64 50.7 0.002
128 1.6 200 50 0.005
129 5.6 200 33 0.02
130 3.5 200 18 0.002
136 11 250 130 0.002
137 5.6 100 17 8
141 3.5 1600 50 0.003
143 4.2 154 14.1 0.067
144 3.2 400 50 0.008
146 3.5 100 49.9 0.006
148 5.6 400 60 0.025
149 3.5 200 18 0.02
151 4 1600 18 0.017
152 4 250 68 0.001
155 2.8 250 50 0.013
157 5.6 100 35 0.003
158 5.6 200 200 0.001
169 4.5 400 70 0.02
172 14 100 50 0.001
174 8 200 14 6
176 1.8 400 50 0.067
179 4 200 17 0.04
180 5.6 100 35 0.008
183 8 100 18 0.004
187 3.7 200 11 0.04
189 2.8 200 63 0.025
190 9 100 24 0.003
192 14 400 31 0.02
193 5 64 11.9 0.003
194 8 100 55 0.004
195 5 100 35 0.002
196 4.5 400 34 0.006
199 4 400 70 0.017
201 5.2 200 33 0.008
202 8 80 88.8 0.004
206 9 200 17 0.033
208 2.8 1600 50 0.01
209 18 100 34 0.008
210 20 100 50 0.008
211 8 200 18 0.005
215 5 800 23 8
217 5.6 100 42 0.008
222 5.6 720 55 0.002
223 4.5 100 35 0.04
226 5 400 43 0.033
228 2.8 400 60 0.002
229 3.5 800 18 0.033
230 5 1600 62 0.01
231 4 200 50 0.004
236 5.6 400 70 0.001
237 4.5 1600 28 0.3
239 4.8 500 34.8 0.004
242 8 400 300 0.004
243 2 800 50 0.033
247 1.4 100 50 0.04
250 9 200 50 0.008
251 5 200 125 0.001
253 2.8 200 135 0.006
254 36 320 60 0.005
256 8 400 100 0.003
259 2.8 200 30 0.005
260 5.6 200 200 0.008
261 8 100 50 0.067
265 4.5 100 12.5 0.125
268 5.6 140 55 0.001
269 4 100 13 0.006
271 5.6 400 55 0.05
272 1.4 400 35 0.02
281 5 100 220 0.008
283 5.6 200 50 0.002
287 6.3 250 105 0.002
292 4.5 200 28 0.02
293 4 800 18 0.008
294 11 200 20 0.002
295 5.6 400 300 0.001
296 3.1 100 10.1 0.009
299 5.6 200 24 0.002
301 8 200 16 0.008
304 5.6 1000 12 0.003
305 9 200 21 0.013
306 7.1 100 18 0.004
308 4 200 12 0.022
309 11 200 55 0.003
313 3.5 100 18 0.077
316 18 400 255 0.003
319 5.6 400 55 0.02
320 5 100 59.3 0.001
321 10 400 55 0.005
322 6.7 50 14.2 0.005
325 4 100 70 0.02
328 2.8 800 14 0.04
329 8 100 68 0.008
331 7.1 200 16 0.067
336 4 100 17 0.001
337 11 1250 18 0.002
339 6.3 100 85 0.001
340 5.6 100 12 0.005
344 5.6 200 28 1
345 7.1 100 35 0.01
346 4 100 17 0.002
347 14 1600 42 1
350 4.2 100 82.8 0.01
356 5.6 200 30 0.001
358 5 200 18 0.017
360 4 200 18 0.017
361 3.7 800 16 30
362 3.2 400 50 0.04
364 11 100 44 0.017
367 5.6 100 85 0.004
368 6.7 200 18 0.006
369 9.5 400 70 0.002
370 5 400 40 0.017
372 13 200 18 0.003
373 5.6 400 105 0.006
375 1.8 100 50 0.017
377 4 400 22 0.004
379 3.5 200 18 0.05
380 2.8 160 17 0.025
382 16 800 70 0.01
385 4 250 200 1
387 4 200 17 0.017
391 5 100 44 0.1
397 2.8 400 70 0.017
399 6.3 1600 18 10
400 13 100 17 0.006
403 2.8 200 55 1
404 22 100 17 4
405 2.8 500 175 0.02
406 5.6 100 84 0.002
407 3.5 400 18 1
408 4 100 50.4 0.002
410 3.7 80 15.4 0.002
411 16 400 65 0.005
416 6.3 200 55 0.006
417 2.8 1600 24 0.001
418 1.8 100 50 0.05
419 2.8 400 50 0.04
420 2.8 100 50 0.003
423 2.8 100 200 0.006
424 4 100 31 0.01
425 11 200 38 0.002
427 10 100 105 0.005
428 5.6 400 50 0.017
429 5.6 200 55 0.25
431 2.8 100 50 0.067
438 3.5 100 10.9 0.01
441 4 800 27 0.05
443 4.5 100 11 0.033
444 13 200 49 0.005
447 13 400 31 0.01
452 11 400 300 0.001
456 7.1 100 55 0.01
460 5 200 50 0.002
461 14 100 50 0.008
462 5.6 320 55 0.002
466 16 100 24 0.005
467 4 80 17.3 0.006
468 6.3 400 34 0.017
470 4.5 100 13.6 0.001
472 5.59999 200 82 0.008
473 3.5 400 35 0.005
476 4.5 800 22 0.005
477 6.7 400 55 0.004
484 8 400 200 116
486 4 100 17 30
488 11 800 55 0.004
489 3.7 200 72 0.013
491 8 100 18 0.004
494 3.7 140 63 0.125
496 3.5 125 34.3 0.004
498 5.6 100 55 0.003
500 11 400 105 1
501 3.5 400 50 0.004
502 5.6 100 24 0.25
504 5 200 38 0.017
507 8 400 55 0.008
509 22 100 28 15
510 3.2 100 27 0.003
511 1.4 100 50 0.003
513 8 100 29.2 0.002
515 18 200 300 0.005
516 4 400 55 0.017
517 6.3 200 55 0.006
520 7.1 100 50 0.002
521 3.3 100 105 0.006
522 10 100 32 0.008
525 3.3 1100 60 0.033
526 3.5 400 18 0.017
527 5.2 125 17.4 0.003
529 1.8 200 50 0.04
533 2.8 500 50 0.004
535 5.3 50 19.2 0.036
536 3.5 200 16.8 0.017
539 3.7 800 14.1 0.017
545 7.1 1250 100 0.02
546 9 1600 144 0.04
547 5 500 14 0.02
548 6.3 200 45 0.04
549 10 160 50 0.003
552 7.1 100 17 0.003
553 6.72717 100 70 0.006
554 2.8 400 50 0.01
555 4.2 400 28 0.006
556 8 200 210 0.013
558 5.6 800 55 0.02
561 1.4 200 50 0.008
563 5.6 140 18 0.008
564 3.5 800 50 0.025
565 7.1 80 66.7 0.003
567 2.8 100 10.8 0.005
570 5.6 400 24 0.017
571 3.8 400 25 0.033
575 6.3 800 24 0.01
576 5.6 160 300 0.002
577 5.1 200 24 0.005
578 4.8 800 35 0.125
579 10 200 16 0.005
580 5.6 100 190 0.004
581 5 100 16 0.02
582 5.6 800 100 0.004
583 13 100 52 6
585 4.9 200 24 0.008
586 9 125 29 1.3
588 5.6 250 55 0.008
592 4 100 15 0.008
595 1.8 800 50 0.002
596 13 100 100 0.006
598 4 800 105 0.4
599 8 100 12 0.008
601 4.5 100 33 0.002
602 1.8 1600 50 0.008
604 5.6 100 55 0.25
608 14 400 44 0.003
611 8 80 23.2 0.001
612 7.1 400 190 0.003
613 6.7 200 50 0.006
614 3.4 200 10.1 0.033
615 5 100 160 1
616 11 200 70 0.003
617 11 100 17 0.004
623 5.6 100 18 0.025
625 10 800 18 0.004
627 5.6 140 46 0.008
630 2.8 400 50 0.017
631 7.1 500 17 0.25
632 1.8 100 50 0.033
633 22 100 50 0.4
635 5.3 100 120 0.01
639 2.5 400 85 0.01
641 5.6 400 14 0.4
642 2.8 360 50 0.033
646 8 3200 24 0.8
648 1.8 400 50 0.005
650 2.8 640 70 0.017
651 4 80 11.8 0.5
652 2.8 200 100 0.003
657 2.5 100 50 0.5
661 8 200 18 3
663 5.6 200 22 0.004
665 8 100 28 0.004
667 7.1 800 250 0.003
668 3.5 400 50 0.013
672 8 200 18 0.001
675 8 100 18.7 0.002
676 5.3 400 42 0.017
678 6.3 100 30 0.008
684 4.5 200 78 0.008
689 18 400 28 0.01
694 6.3 320 200 0.006
695 8 80 29.2 0.001
696 2.8 100 28 0.017
699 7.1 200 38 0.008
700 3.5 100 50 0.001
701 9 800 42 0.008
702 5.6 400 300 0.005
703 9 200 24 0.003
705 8 1600 55 0.25
708 2.2 200 30 0.003
709 9 125 29 1.3
710 2.2 100 50 0.005
712 16 200 24 9
713 1.4 200 50 0.002
717 5.6 100 37 0.008
719 8 200 50 1.6
722 1.8 400 50 0.005
724 8 100 190 0.005
725 4 400 18 25
727 2 800 30 0.02
729 5 200 18 25
730 14 400 28 0.003
733 3.2 1600 50 0.02
734 3.8 1600 20 0.02
739 2 400 50 0.013
740 4.5 3200 12 0.025
741 6.3 100 55 0.002
742 1.8 500 50 0.02
743 5.6 800 24 0.067
753 4.1 100 29.4 0.077
756 9 200 18 13
762 5.6 80 18.9 0.001
764 5.6 125 50 0.003
767 3.5 800 19 0.077
768 1.8 1600 50 0.025
769 8 1400 12 0.017
770 14 200 28 30
772 3 100 105 0.004
774 5.6 400 300 0.008
775 1.4 200 30 28
776 2 800 30 0.033
779 1.4 400 50 0.004
780 4.5 50 69.5 0.006
782 9 100 18 0.002
783 18 100 75 4
784 8 400 24 0.033
786 13 200 200 0.003
787 9 400 13 0.013
791 8 100 88.8 0.002
794 8 400 300 0.002
796 8 200 55 0.001
798 11 100 75 10
801 4.5 400 57 0.02
802 1.8 200 50 0.006
803 5.6 100 14 0.005
804 7.1 720 22 0.033
805 2.8 100 63 0.077
806 7.1 200 35 0.005
808 4.5 200 12 0.01
809 4 400 135 0.002
811 11 500 24 0.01
814 5.6 110 18 0.008
815 5.3 800 66 1
817 5.6 100 50 0.002
818 5.6 100 70 0.017
819 10 50 16.6 0.005
820 1.8 400 50 0.003
823 3.5 200 30 0.017
830 2.5 200 35 0.02
831 3.5 400 50 0.003
834 5.6 560 200 0.01
835 11 400 112 0.017
840 8 400 29 0.006
841 5.1 400 24 0.002
842 9 400 55 0.006
843 8 400 135 0.002
845 2.2 64 14.6 0.067
846 4.5 1600 55 0.005
847 5 80 20.6 0.01
849 3.5 200 72 0.004
850 2.8 250 17 0.125
853 2.8 200 50 0.017
855 2.8 200 50 0.017
856 4.5 1000 31 0.125
858 7.1 100 17 0.013
859 1.4 1600 30 0.04
860 4.5 400 25 0.017
864 4 100 40 0.003
867 3.5 100 18 0.001
869 3.5 80 10.1 0.017
871 4 100 15.1 0.017
873 2.8 100 85 0.003
875 1.4 400 30 0.025
876 13 100 31 0.004
882 8 200 18 0.001
884 1.8 200 50 0.033
885 3.5 200 22 0.01
888 3.6 100 63 0.001
889 2.8 100 51 0.001
890 4.6 80 11.5 0.013
891 5.6 360 18 0.008
892 4.5 200 160 0.002
894 3.5 200 34 0.017
895 11 100 70 0.025
896 13 320 70 0.002
898 6.3 400 200 0.005
899 8 250 70 0.002
900 7.1 200 20 0.033
906 5 400 28 0.025
907 4.5 1600 70 0.013
908 2.2 800 50 0.001
909 3.5 50 13 0.017
910 4.5 400 15 15
911 5.3 100 90 0.017
912 10 400 35 0.4
915 16 100 12 0.25
916 5.6 100 88 0.003
917 4 800 105 0.033
919 16 100 105 0.2
921 4 200 29.2 0.004
925 3.2 140 19.4 0.008
926 4 100 47 0.003
927 1.8 200 50 0.001
935 1.4 800 30 1
936 9 100 17 0.006
940 8 400 22 0.005
942 22 200 24 0.3
945 4.3 400 19 0.02
946 2.8 100 75 0.008
947 4.8 100 17.7 0.002
949 4 80 14.8 0.003
950 5.3 1000 112 0.05
951 8 100 240 0.003
952 2.8 800 50 0.004
953 8 100 50 0.004
955 8 100 35 0.006
956 3.2 80 10.6 0.003
958 5.3 400 160 0.05
960 5.6 100 55 0.003
961 8 100 42 0.013
965 13 100 17 0.005
970 3.2 100 17 0.013
972 1.8 100 50 0.25
973 5.6 100 93 0.003
975 9 200 16 0.01
976 5 200 170 0.017
977 10.4 100 15.6 10
979 5.6 200 18 30
986 4.5 100 100 0.006
987 4 1600 17 0.05
989 5.6 200 28 0.001
990 5.6 100 24 0.05
991 11 100 27.9 0.002
992 6.3 800 44 0.017
993 5.6 100 28 0.05
994 6.3 100 22 0.002
995 5.6 400 55 0.002
996 5.6 100 130 0.04
997 2.8 100 70 0.025
1000 5 100 17.4 0.002
1001 5.6 200 125 1
1002 5 200 18 1
1003 6.3 1000 90 0.002
1005 5.6 400 13 0.077
1006 7.1 100 20 0.02
1008 4.5 100 28 0.001
1010 2.8 200 20 0.001
1011 36 400 50 30
1015 4.5 400 25 0.025
1016 1.2 160 50 0.05
1018 2.8 1600 45 0.017
1020 5.6 100 22.4 0.004
1021 3.2 1100 60 0.033
1022 8 100 50 0.004
1023 3.5 560 18 0.002
1027 5 100 65 0.025
1028 5.6 400 46 0.008
1032 4.9 200 42 0.125
1034 29 400 17 0.013
1035 5.6 100 35 1
1036 11 400 15 0.002
1037 5 100 45.8 0.008
1038 11 200 200 0.5
1040 6.3 400 50 0.01
1041 4.5 100 18 0.067
1042 22 100 18 0.013
1045 13 400 15 0.002
1047 5.6 200 300 0.01
1048 5.6 400 120 0.017
1050 9 100 18 0.005
1055 16 400 420 0.01
1058 4.5 800 34 0.04
1060 4.2 800 34 0.004
1062 2.6 200 21 0.01
1063 4.5 400 31 0.125
1067 13 200 28 0.003
1071 5.6 100 250 0.004
1077 3 100 105 0.167
1078 10 100 60 0.004
1079 4.5 400 54 0.017
1083 7.1 200 18 0.008
1084 6.7 200 260 0.008
1086 5.6 800 109 0.004
1087 8 200 110 0.002
1088 18 400 12 0.01
1089 1.8 800 30 0.002
1093 4.9 100 27 0.005
1094 5.6 200 18 1
1096 16 200 55 0.004
1097 3.2 400 21 0.067
1098 3.2 200 13.9 0.003
1100 16 400 105 1
1101 3.2 1600 135 0.002
1103 4.5 100 35 0.025
1106 3.3 200 18.5 0.025
1107 5 50 24 0.02
1108 2.8 400 50 0.017
1109 10 200 17 0.002
1113 20 500 100 0.003
1118 3.2 1250 28 1.3
1124 4.5 100 36.8 0.003
1125 1.8 400 50 0.001
1127 11 100 60 2.5
1128 8 100 18 0.002
1129 16 1600 200 0.125
1131 5.6 400 20 0.004
1132 5 400 44 0.01
1138 4.5 100 70 0.017
1139 3.5 80 17 0.033
1142 4.5 200 18 0.008
1143 4.5 200 90 0.003
1146 7.1 200 200 0.004
1147 2.2 800 50 0.01
1148 10 200 55 0.004
1149 7.1 100 24 0.004
1153 4 100 105 0.001
1154 18 200 12 0.008
1159 5.59999 200 16 0.002
1160 5 1600 24 0.02
1162 4.5 100 31 0.017
1163 5.6 200 18 0.001
1164 10 200 125 0.017
1168 4 200 55 0.001
1169 1.4 100 50 0.005
1173 4 100 50 0.006
1174 8 200 20.1 0.008
1175 6.3 50 32.6 0.006
1177 8 200 18 0.005
1179 4.5 640 70 0.017
1181 8 200 20 0.01
1182 2.8 400 70 0.013
1184 3.5 400 19 0.025
1185 16 100 28 0.017
1187 10 100 24 20
1189 6.3 200 45 0.004
1191 3.5 200 33 1
1192 5.6 100 17 0.008
1193 3.5 160 13 0.025
1194 4 400 23 0.001
1196 5 800 50 0.003
1197 5.6 200 300 0.005
1199 5.6 100 15 0.003
1202 8 200 55 0.001
1203 1.4 100 50 0.003
1204 1.8 400 50 0.001
1205 5.3 200 42 0.013
1208 1.4 1250 30 0.005
1210 11 1000 150 0.001
1211 1.8 100 50 0.001
1212 7.1 100 35 0.004
1214 10 100 28 0.005
1216 7.1 125 90 0.008
1217 4.5 160 58 0.002
1219 3.5 200 21.3 0.01
1220 5 400 38 0.05
1222 2.2 400 50 0.017
1223 4 200 50 0.01
1225 5.6 1600 18 1.3
1230 10 200 200 0.002
1231 10 400 105 0.008
1236 1.8 400 50 0.033
1237 2 200 50 0.001
1238 8 200 35 0.025
1240 4.4 50 12.2 0.013
1244 5.6 800 70 0.003
1246 1.4 100 50 0.01
1249 9 50 17 0.013
1250 11 100 14 0.017
1251 5.6 400 74 0.001
1255 2.8 200 30 1
1256 4 320 10.3 0.002
1257 2.2 400 85 0.005
1261 6.3 200 18 87
1262 4 250 28 0.004
1263 3.5 200 18 1
1265 4 400 43 0.017
1266 4 200 70 0.002
1267 22 100 18 0.1
1271 2.8 200 135 0.05
1272 2.8 200 75 0.001
1273 4.5 200 18 0.004
1274 6.3 100 18 0.006
1278 11 400 24 0.025
1279 18 400 32 0.008
1280 4 200 18 0.003
1283 8 100 14 0.02
1284 5.6 200 18 0.017
1286 4 800 50 0.01
1288 1.8 100 50 0.006
1290 2.8 800 17 0.033
1291 7.1 100 48 0.003
1292 4 400 50 0.033
1295 4.5 800 25 0.025
1297 8 200 135 0.025
1298 5 200 72 0.006
1300 3.2 500 35 20
1303 13 200 18 0.017
1305 22 200 18 10
1306 5.6 100 55 0.04
1308 11 80 10.8 0.4
1311 2.5 100 50 0.033
1312 3.5 400 18 0.033
1316 3.5 320 18 0.017
1317 8 100 12 0.033
1318 14 400 24 0.001
1319 4.5 800 12 0.05
1320 4 320 24 0.02
1321 22 100 30 25
1323 5 100 88.8 0.004
1324 4 400 28 0.067
1327 4 80 22 0.005
1328 8 100 24 0.004
1329 4.5 400 34 0.067
1333 5.6 100 135 0.017
1336 11 400 30 0.003
1338 2.5 100 50 0.001
1341 10 200 46 0.01
1342 2.8 1600 18 0.001
1348 5.4 50 35.9 0.002
1352 10 100 175 0.008
1354 8 100 70 30
1356 4.5 400 18 0.02
1360 6.3 100 28 0.013
1363 4.5 800 21 0.02
1366 9.4 161 33 0.002
1371 5.6 100 17 0.001
1372 3.5 100 21 0.003
1373 6.3 200 135 0.002
1374 4 100 12.4 0.003
1375 1.8 800 50 0.008
1376 5.6 80 10.2 0.004
1382 7.1 100 48 0.167
1383 2 250 50 1
1388 22 100 26 2.2
1391 13 100 70 0.005
1392 4.5 100 50 0.008
1397 8 200 20 1
1401 2.2 200 50 0.006
1402 5.6 320 200 0.001
1408 6.3 500 42 0.017
1409 3.7 80 17 2.1
1410 5.6 200 135 0.04
1412 4.5 800 21 0.02
1414 1.4 500 24 0.017
1415 1.8 800 50 0.067
1416 22 100 50 0.025
1418 6.3 100 200 0.017
1419 10 200 17 35
1420 3.5 1600 18 0.008
1421 3.5 3200 17 0.02
1422 5.6 400 55 0.003
1424 8 200 340 0.006
1425 9 400 28 2
1428 4 400 48 0.003
1429 7.2 100 49.8 0.003
1431 1.8 200 85 1
1434 2.2 400 30 0.017
1436 10 400 18 0.004
1439 10 100 56 0.003
1442 5.6 200 15 0.4
1443 4 400 14.4 0.033
1445 4.5 80 13.6 3
1448 4 400 22 0.001
1449 5.6 200 18 0.033
1450 3.5 1250 18 0.04
1456 6.3 400 300 0.001
1457 1.8 640 50 0.001
1463 8 200 17 0.017
1464 4.8 280 38 0.017
1467 8 100 50 0.004
1468 8 200 16 20
1474 6.3 200 70 0.006
1478 16 125 30 0.002
1480 4 400 18 0.017
1483 6.3 200 82 15
1488 4.2 800 65 0.25
1489 1.4 800 50 0.002
1494 4 80 27.2 0.005
1495 5.6 100 40 0.017
1496 2.8 100 30 0.002
1498 3.5 200 29.3 0.005
1499 4 1600 100 0.017
1500 3.5 800 18 0.02
1502 3.5 400 50 0.013
1506 22 125 50 0.013
1509 5 100 30 0.1
1514 4 100 121 0.005
1515 4.5 100 16 0.001
1516 1.4 100 50 0.017
1521 4 100 22 0.005
1523 2.8 200 30 0.017
1524 2 200 35 0.033
1529 6.3 320 55 3.2
1531 9 100 38 0.025
1533 5 200 192 0.001
1534 2.8 800 35 0.004
1537 5.6 200 50 0.003
1539 3.5 100 27.1 0.004
1540 8 100 65 2
1542 20 100 18 2.5
1543 9 200 18.7 0.002
1544 7.1 320 60 0.033
1545 6.3 800 12.1 0.002
1546 5.6 100 50 0.008
1547 7.1 100 35 0.01
1550 6.3 800 28 0.013
1554 2.8 400 32 0.033
1556 5.6 400 51 0.013
1558 7.1 100 27 0.008
1559 1.8 800 50 0.02
1560 14 400 149 0.005
1562 2.8 100 200 0.017
1563 5.2 100 73.4 0.004
1565 1.8 100 77 1
1568 3.5 400 14 0.067
1571 5.6 400 400 1
1573 3.6 100 16 0.001
1578 5.6 400 85 0.005
1582 1.8 400 50 1
1583 4 200 70 0.013
1587 7.1 200 18 0.002
1588 5 100 70 0.005
1590 8 80 72 0.003
1593 5.6 100 22 0.2
1596 8 200 200 0.002
1598 1.4 800 50 0.002
1599 5 200 105 0.001
1603 9 400 55 0.003
1604 3.2 400 16 1
1607 3.5 200 18 0.002
1608 8 400 105 0.002
1609 5 100 42 0.005
1612 3.5 200 50 0.017
1613 5.6 100 23 0.008
1614 3.5 800 21 0.005
1616 5.4 50 10.6 0.004
1617 13 100 400 0.017
1618 9 200 18 1
1619 3.5 400 32.1 0.005
1621 2.9 1600 20 0.01
1624 5 1600 30 0.004
1626 5.6 200 17 0.004
1627 3.5 1600 22 0.2
1628 25 100 149 0.006
1629 4.5 125 70 0.002
1630 2.8 800 24 0.25
1632 5.6 200 38 0.6
1633 10 200 52 0.002
1635 5.6 200 18 0.008
1636 5 1000 24 0.001
1638 5.6 200 17 0.017
1639 5.6 100 70 0.008
1640 4 400 25 0.017
1641 2.2 100 50 0.004
1645 3.3 100 105 0.001
1648 1.4 100 85 1
1649 8 200 18 0.008
1652 2.8 50 50 0.001
1659 5.6 200 300 1
1660 5.6 200 12 0.006
1665 6.3 400 18 0.013
1666 7.1 50 27 0.003
1671 5.6 800 55 0.04
1672 5 400 70 0.01
1675 6.3 100 70 0.02
1676 4 100 12 0.008
1678 4.5 400 180 0.017
1681 5 400 160 0.003
1684 5.6 160 105 0.004
1685 20 200 200 0.02
1688 3.7 400 11 0.25
1691 8 100 18 0.003
1697 11 200 12 0.333
1698 7.1 200 11.5 0.005
1701 4 400 30 0.005
1702 1.8 100 50 0.003
1704 1.4 1600 30 1
1708 5.6 100 200 0.004
1710 5.6 100 135 0.01
1713 4 100 18.9 0.008
1714 22 100 18 0.02
1718 5.6 1600 34 0.04
1719 5.6 400 105 0.001
1720 9 100 14 0.005
1721 5.6 1600 110 0.013
1723 7.1 400 500 0.017
1724 16 100 25 0.008
1725 5.2 320 18.9 0.008
1728 1.4 400 50 0.033
1734 3.5 800 32 0.022
1738 5.6 800 400 0.04
1739 5.6 100 300 1
1741 22 800 46 0.004
1742 9 100 14 0.017
1744 2 100 50 0.001
1748 8 200 43 0.004
1749 5.6 400 24 0.005
1752 2.5 200 50 0.25
1753 5.6 400 300 0.013
1756 5.6 200 11 0.006
1757 3.5 320 18 0.003
1758 1.8 100 50 0.125
1759 4.5 800 35 0.1
1760 3.5 100 18 0.02
1761 5.6 200 28 0.033
1766 3.5 800 17 0.04
1767 3 100 60 0.017
1768 4.8 126 14.2 0.008
1770 8 640 560 0.001
1773 2.8 125 63 0.004
1775 4 400 200 0.01
1777 16 200 18 8
1780 16 100 60 0.006
1782 10 200 31 0.003
1783 6.3 800 50 0.5
1784 8 125 20 0.013
1785 3.3 80 45.4 0.01
1786 2 200 50 0.002
1788 2.8 200 50 0.01
1789 3.2 200 16 0.025
1790 5 400 48 0.01
1791 2.5 200 42.9 0.125
1793 5.6 100 55 0.125
1795 4 200 27 77
1796 3.2 1600 33 0.013
1797 5 400 39 0.04
1798 5.6 200 49 0.004
1799 11 800 31 0.002
1801 11 400 22 0.005
1804 6.3 200 50 1
1805 8 100 150 0.005
1806 8 200 18 0.006
1810 5.6 200 30 0.001
1811 4.5 200 57 0.01
1812 5.6 400 28 0.05
1813 4.5 200 14.4 0.006
1816 5.6 100 14 0.011
1818 2.8 400 60 0.006
1819 8 100 34 0.004
1823 9 100 35 0.2
1827 11 100 72 0.004
1829 2.8 800 32 0.125
1831 4 100 28 0.005
1834 3.5 800 25.2 0.007
1835 3.2 200 12.6 0.167
1840 6.3 1600 85 0.003
1841 11 400 112 0.001
1844 14 200 55 0.008
1846 5.265 50 21.2 0.01
1850 4.5 1600 24 0.02
1851 4 1600 17 1
1853 9 400 15 0.003
1854 3.5 400 18 0.04
1855 2.8 200 50 0.003
1856 8 100 46 0.033
1857 5.6 200 19 0.008
1861 4 800 24 0.008
1866 5 200 18 14
1868 8 400 28 0.003
1873 6.3 400 52 0.001
1874 3.5 560 18 0.033
1878 1.8 800 50 0.01
1880 1.8 100 50 0.01
1881 2.8 400 30 0.004
1882 2 100 77 0.002
1887 5.6 400 300 0.02
1889 4 200 16 0.8
1892 3.5 800 60 0.003
1895 5.6 100 35 0.004
1900 5.1 100 32 0.002
1902 10 100 22 0.006
1903 6.3 100 18 0.006
1904 5 320 38 0.004
1905 7.1 100 85 1.6
1906 5.6 250 120 0.001
1908 3.2 80 11.1 0.033
1912 5.6 200 17 0.005
1914 6.3 200 95 0.003
1915 1.8 100 50 0.001
1920 9 200 18 0.017
1921 4.5 400 200 0.005
1929 5.6 100 50 0.008
1933 3.5 800 18 0.033
1934 4.5 320 52 0.002
1938 11 400 27 0.005
1941 11 400 30 0.008
1947 3.2 69 13.2 0.008
1948 4 250 16 0.003
1950 8 100 20 0.005
1953 4 640 70 0.1
1954 4 400 55 0.001
1955 8 100 34 0.01
1958 3.2 100 70 0.003
1961 4.8 800 34.8 0.001
1963 5 800 12 0.002
1965 4 400 50 0.01
1966 4 100 17 0.013
1967 10 200 85 0.02
1971 1.8 200 50 0.005
1974 11 400 34 0.01
1976 5.6 800 31 0.02
1978 4 400 27 0.067
1982 3.2 200 100 0.005
1986 3.1 400 10.1 0.029
1987 7.1 800 23 0.02
1989 7.1 100 17 5
1992 4 400 17 0.033
1994 6.3 200 24 25
1999 1.4 800 50 0.02
2000 5.6 100 12 0.004
2001 4 200 18 0.077
2007 5.6 200 300 0.006
2009 5.6 100 26 0.008
2010 13 100 18 0.01
2012 22 100 53 0.1
2013 5.6 400 105 0.008
2015 4 125 10.6 0.001
2016 20 200 55 112
2018 5.6 100 135 0.001
2022 4 100 105 0.01
2024 3.5 400 18 0.025
2025 4.4 80 32.5 0.017
2027 11 800 75 0.033
2028 2.8 100 105 0.05
2030 8 200 50 0.01
2032 1.8 1600 85 0.013
2033 5.2 250 23.7 0.125
2034 6.3 100 14 0.006
2035 5.6 200 240 0.001
2036 4.8 1600 38 0.04
2037 4.5 100 18 0.033
2039 3.4 80 12.3 0.004
2040 5.6 80 66.7 0.005
2041 3.5 250 18 0.033
2042 8 800 28 0.004
2049 2.8 100 50 0.067
2050 1.2 500 50 0.01
2055 4 1600 24 0.017
2058 4 1600 27 0.033
